13 0.6292217327459618 0.5634765625 0.12481644640234948 0.10986328125
15 0.7841409691629956 0.59912109375 0.17474302496328928 0.08837890625
4 0.45301027900146845 0.6044921875 0.14390602055800295 0.0625
22 0.6035242290748899 0.8662109375 0.13582966226138032 0.1181640625
8 0.43171806167400884 0.87060546875 0.17474302496328928 0.09765625
28 0.801762114537445 0.8955078125 0.17180616740088106 0.09033203125
29 0.6020558002936858 0.21044921875 0.16226138032305434 0.06494140625
26 0.7782672540381792 0.21142578125 0.12922173274596183 0.06494140625
6 0.4177679882525698 0.22412109375 0.1776798825256975 0.0361328125
20 0.42290748898678415 0.38916015625 0.08223201174743025 0.1337890625
7 0.4185022026431718 0.44921875 0.13803230543318648 0.05029296875
16 0.6732745961820852 0.45166015625 0.23494860499265785 0.05126953125
0 0.8340675477239354 0.4638671875 0.11600587371512482 0.044921875