13 0.6292217327459618 0.5634765625 0.12481644640234948 0.10986328125
15 0.7841409691629956 0.59912109375 0.17474302496328928 0.08837890625
4 0.43832599118942733 0.60009765625 0.14390602055800295 0.0625
22 0.6035242290748899 0.8662109375 0.13582966226138032 0.1181640625
8 0.43171806167400884 0.87060546875 0.17474302496328928 0.09765625
28 0.801762114537445 0.8955078125 0.17180616740088106 0.09033203125
20 0.4089574155653451 0.16259765625 0.09765051395007342 0.1328125
21 0.5675477239353891 0.20751953125 0.16079295154185022 0.06591796875
12 0.39941262848751835 0.21533203125 0.11086637298091043 0.04638671875
24 0.762114537444934 0.2294921875 0.14537444933920704 0.02880859375
7 0.4544787077826725 0.44677734375 0.12555066079295155 0.0517578125
0 0.8208516886930984 0.4482421875 0.12187958883994127 0.07861328125
16 0.6461086637298091 0.45947265625 0.16886930983847284 0.05029296875