13 0.6262848751835536 0.56591796875 0.12481644640234948 0.1083984375
8 0.41923641703377384 0.59375 0.18869309838472834 0.09228515625
2 0.776064610866373 0.603515625 0.14317180616740088 0.0615234375
7 0.5954478707782672 0.6083984375 0.07342143906020558 0.0625
27 0.39060205580029367 0.82568359375 0.1013215859030837 0.13134765625
19 0.6189427312775331 0.85205078125 0.09838472834067548 0.04345703125
19 0.5315712187958884 0.859375 0.05800293685756241 0.0400390625
24 0.762114537444934 0.9208984375 0.12922173274596183 0.07177734375
20 0.3964757709251101 0.17138671875 0.1211453744493392 0.15625
4 0.5154185022026432 0.21875 0.14096916299559473 0.05126953125
12 0.802496328928047 0.21923828125 0.1196769456681351 0.04541015625
6 0.6600587371512482 0.23583984375 0.16886930983847284 0.0205078125
0 0.47723935389133626 0.43212890625 0.2261380323054332 0.0400390625
16 0.4765051395007342 0.45947265625 0.2555066079295154 0.04833984375