22 0.749632892804699 0.58203125 0.13509544787077826 0.0947265625
26 0.4104258443465492 0.59814453125 0.12334801762114538 0.07373046875
9 0.5726872246696035 0.6064453125 0.18061674008810572 0.0595703125
8 0.44640234948604995 0.85498046875 0.21806167400881057 0.09423828125
2 0.7540381791483113 0.87841796875 0.15565345080763582 0.078125
0 0.7569750367107195 0.2158203125 0.17474302496328928 0.056640625
3 0.5859030837004405 0.22900390625 0.11527165932452275 0.02587890625
20 0.7782672540381792 0.3994140625 0.10205580029368576 0.14453125
20 0.38179148311306904 0.40966796875 0.09397944199706314 0.16552734375
13 0.44273127753303965 0.427734375 0.10572687224669604 0.10986328125
11 0.6035242290748899 0.44189453125 0.06461086637298091 0.0576171875
12 0.7444933920704846 0.45166015625 0.10866372980910426 0.04931640625
6 0.5506607929515418 0.4619140625 0.20851688693098386 0.04541015625