6 0.7775330396475771 0.47021484375 0.2591776798825257 0.04345703125
26 0.40381791483113066 0.603515625 0.1593245227606461 0.0703125
9 0.5925110132158591 0.609375 0.17033773861967694 0.0517578125
3 0.7958883994126285 0.6181640625 0.11747430249632893 0.0390625
27 0.6013215859030837 0.8271484375 0.10719530102790015 0.119140625
16 0.4750367107195301 0.8798828125 0.19530102790014683 0.08447265625
2 0.7320117474302497 0.884765625 0.16299559471365638 0.08837890625
13 0.6130690161527166 0.1982421875 0.11894273127753303 0.0947265625
8 0.41483113069016153 0.20751953125 0.17841409691629956 0.072265625
0 0.7782672540381792 0.216796875 0.17180616740088106 0.0546875
20 0.40308370044052866 0.40185546875 0.09324522760646109 0.154296875
11 0.7312775330396476 0.4423828125 0.06681350954478708 0.052734375
12 0.5638766519823789 0.45556640625 0.10866372980910426 0.04931640625