3 0.4331864904552129 0.46875 0.14977973568281938 0.037109375
5 0.4008810572687225 0.58203125 0.1762114537444934 0.09619140625
2 0.7672540381791483 0.60546875 0.171071953010279 0.06591796875
9 0.5631424375917768 0.61279296875 0.17180616740088106 0.06396484375
8 0.71071953010279 0.8681640625 0.21071953010279001 0.1123046875
26 0.42143906020558003 0.88330078125 0.12408223201174744 0.1025390625
23 0.5359765051395007 0.20849609375 0.13582966226138032 0.0673828125
20 0.3876651982378855 0.212890625 0.12848751835535976 0.068359375
12 0.7422907488986784 0.220703125 0.1512481644640235 0.0498046875
13 0.7562408223201175 0.4248046875 0.16152716593245228 0.11474609375
11 0.6035242290748899 0.4560546875 0.08516886930983847 0.0634765625