3 0.5146842878120411 0.46826171875 0.14904552129221732 0.03515625
18 0.5895741556534508 0.58935546875 0.0763582966226138 0.10986328125
2 0.4111600587371512 0.591796875 0.16593245227606462 0.05859375
12 0.7657856093979442 0.599609375 0.10572687224669604 0.0576171875
26 0.7518355359765051 0.85595703125 0.12481644640234948 0.0849609375
8 0.5690161527165932 0.8603515625 0.23788546255506607 0.091796875
23 0.7151248164464024 0.2138671875 0.18135095447870778 0.056640625
11 0.8303964757709251 0.2138671875 0.08149779735682819 0.0546875
20 0.7437591776798825 0.3984375 0.1130690161527166 0.068359375
13 0.3803230543318649 0.42919921875 0.11380323054331865 0.11279296875
20 0.7408223201174743 0.4599609375 0.10646108663729809 0.060546875