12 0.4412628487518355 0.58984375 0.10499265785609398 0.06396484375
7 0.7437591776798825 0.59765625 0.13729809104258445 0.05419921875
10 0.5881057268722467 0.62060546875 0.12481644640234948 0.05615234375
9 0.5712187958883994 0.8818359375 0.15345080763582966 0.07763671875
1 0.7437591776798825 0.8828125 0.15345080763582966 0.09619140625
18 0.3590308370044053 0.89501953125 0.06901615271659324 0.115234375
11 0.40969162995594716 0.2158203125 0.07929515418502203 0.05419921875
23 0.5837004405286343 0.2177734375 0.17180616740088106 0.06005859375
20 0.5881057268722467 0.40576171875 0.08223201174743025 0.15576171875
21 0.7408223201174743 0.439453125 0.14757709251101322 0.08154296875
29 0.43759177679882527 0.4541015625 0.14023494860499267 0.0712890625