13 0.6292217327459618 0.5634765625 0.12481644640234948 0.10986328125
8 0.4177679882525698 0.5927734375 0.17547723935389134 0.0947265625
2 0.7819383259911894 0.59814453125 0.1262848751835536 0.05859375
15 0.6468428781204112 0.8623046875 0.18355359765051396 0.1181640625
5 0.4221732745961821 0.86328125 0.15638766519823788 0.10498046875
28 0.801762114537445 0.8955078125 0.17180616740088106 0.09033203125
20 0.4089574155653451 0.16259765625 0.09765051395007342 0.1328125
12 0.39941262848751835 0.21533203125 0.11086637298091043 0.04638671875
4 0.8091042584434655 0.21728515625 0.19750367107195302 0.06005859375
24 0.6248164464023495 0.22802734375 0.14537444933920704 0.02880859375
0 0.8208516886930984 0.4482421875 0.12187958883994127 0.07861328125
16 0.6461086637298091 0.45947265625 0.16886930983847284 0.05029296875