13 0.3568281938325991 0.580078125 0.08002936857562408 0.107421875
15 0.5440528634361234 0.59765625 0.23201174743024963 0.08642578125
10 0.7533039647577092 0.60986328125 0.1145374449339207 0.05126953125
27 0.5602055800293686 0.830078125 0.10352422907488987 0.13134765625
29 0.6997063142437592 0.86376953125 0.17694566813509544 0.078125
27 0.4118942731277533 0.865234375 0.11820851688693099 0.1357421875
26 0.6527165932452276 0.21044921875 0.1277533039647577 0.06640625
6 0.4287812041116006 0.22119140625 0.24082232011747431 0.03857421875
19 0.7936857562408223 0.22314453125 0.12481644640234948 0.04052734375
0 0.751101321585903 0.45166015625 0.17841409691629956 0.0625
16 0.4045521292217327 0.45751953125 0.17841409691629956 0.06591796875
4 0.577826725403818 0.4599609375 0.13509544787077826 0.0556640625