6 0.711453744493392 0.4736328125 0.09177679882525698 0.033203125
26 0.3876651982378855 0.607421875 0.13362701908957417 0.068359375
9 0.5925110132158591 0.609375 0.17033773861967694 0.0517578125
3 0.7958883994126285 0.6181640625 0.11747430249632893 0.0390625
2 0.7085168869309838 0.88525390625 0.24669603524229075 0.06494140625
16 0.4500734214390602 0.88525390625 0.24522760646108663 0.07421875
13 0.6130690161527166 0.1982421875 0.11894273127753303 0.0947265625
8 0.41483113069016153 0.20751953125 0.17841409691629956 0.072265625
0 0.7782672540381792 0.216796875 0.17180616740088106 0.0546875
20 0.38179148311306904 0.40966796875 0.09397944199706314 0.16552734375
11 0.7312775330396476 0.4423828125 0.06681350954478708 0.052734375
12 0.5638766519823789 0.45556640625 0.10866372980910426 0.04931640625
6 0.8325991189427313 0.462890625 0.14243759177679882 0.05126953125