13 0.6262848751835536 0.56591796875 0.12481644640234948 0.1083984375
8 0.41923641703377384 0.59375 0.18869309838472834 0.09228515625
2 0.776064610866373 0.603515625 0.14317180616740088 0.0615234375
7 0.5954478707782672 0.6083984375 0.07342143906020558 0.0625
27 0.39060205580029367 0.82568359375 0.1013215859030837 0.13134765625
19 0.6189427312775331 0.85205078125 0.09838472834067548 0.04345703125
5 0.5146842878120411 0.89111328125 0.16666666666666666 0.10888671875
24 0.7738619676945668 0.91796875 0.12922173274596183 0.07177734375
20 0.4089574155653451 0.1728515625 0.0947136563876652 0.15234375
12 0.8179148311306902 0.2177734375 0.1196769456681351 0.04541015625
4 0.6571218795888399 0.22021484375 0.14096916299559473 0.05126953125
0 0.48384728340675476 0.4375 0.2393538913362702 0.05029296875
6 0.38252569750367105 0.4580078125 0.14317180616740088 0.0576171875
16 0.7591776798825257 0.4609375 0.17180616740088106 0.04931640625