10 0.6747430249632893 0.47265625 0.12481644640234948 0.037109375
7 0.593245227606461 0.5908203125 0.10719530102790015 0.0556640625
26 0.4104258443465492 0.59814453125 0.12334801762114538 0.07373046875
12 0.7797356828193832 0.60546875 0.10866372980910426 0.052734375
19 0.6226138032305433 0.83447265625 0.07195301027900147 0.0595703125
8 0.44640234948604995 0.85498046875 0.21806167400881057 0.09423828125
2 0.7540381791483113 0.87841796875 0.15565345080763582 0.078125
19 0.6027900146842878 0.9296875 0.07488986784140969 0.04248046875
0 0.7569750367107195 0.2158203125 0.17474302496328928 0.056640625
3 0.5726872246696035 0.228515625 0.11527165932452275 0.02587890625
20 0.7782672540381792 0.3994140625 0.10205580029368576 0.14453125
20 0.38179148311306904 0.40966796875 0.09397944199706314 0.16552734375
13 0.44273127753303965 0.427734375 0.10572687224669604 0.10986328125
11 0.6035242290748899 0.44189453125 0.06461086637298091 0.0576171875
23 0.8127753303964758 0.45263671875 0.1343612334801762 0.0751953125