13 0.42070484581497797 0.57666015625 0.1343612334801762 0.1171875
22 0.7738619676945668 0.5830078125 0.13069016152716592 0.0966796875
21 0.5844346549192364 0.58984375 0.14537444933920704 0.06591796875
20 0.41483113069016153 0.8369140625 0.11380323054331865 0.166015625
4 0.7466960352422908 0.88427734375 0.16886930983847284 0.09423828125
1 0.5844346549192364 0.8876953125 0.17988252569750368 0.07275390625
15 0.580029368575624 0.21533203125 0.16005873715124816 0.05908203125
7 0.7650513950073421 0.216796875 0.14977973568281938 0.05615234375
12 0.8039647577092511 0.45751953125 0.12261380323054331 0.05517578125
9 0.4251101321585903 0.4580078125 0.18722466960352424 0.05859375
26 0.6343612334801763 0.458984375 0.16152716593245228 0.0712890625