6 0.7430249632892805 0.46826171875 0.2261380323054332 0.0546875
11 0.775330396475771 0.60107421875 0.07488986784140969 0.06396484375
9 0.5521292217327459 0.60205078125 0.17694566813509544 0.0625
4 0.38472834067547723 0.609375 0.13509544787077826 0.0625
27 0.3751835535976505 0.8388671875 0.11527165932452275 0.12548828125
2 0.7635829662261381 0.87646484375 0.1527165932452276 0.1025390625
16 0.5954478707782672 0.890625 0.16299559471365638 0.08740234375
20 0.7812041116005873 0.17236328125 0.10572687224669604 0.15087890625
13 0.6020558002936858 0.1962890625 0.1277533039647577 0.095703125
8 0.41262848751835535 0.20458984375 0.18208516886930984 0.0771484375
0 0.5102790014684288 0.43701171875 0.0881057268722467 0.0556640625
7 0.39133627019089573 0.44775390625 0.0881057268722467 0.0673828125
12 0.5609397944199707 0.455078125 0.1013215859030837 0.0537109375