13 0.6292217327459618 0.5634765625 0.12481644640234948 0.10986328125
8 0.4588839941262849 0.59375 0.1894273127753304 0.08447265625
22 0.6035242290748899 0.8662109375 0.13582966226138032 0.1181640625
21 0.42951541850220265 0.88037109375 0.171071953010279 0.078125
28 0.801762114537445 0.8955078125 0.17180616740088106 0.09033203125
18 0.47063142437591776 0.18896484375 0.06240822320117474 0.08740234375
29 0.6020558002936858 0.21044921875 0.16226138032305434 0.06494140625
26 0.7782672540381792 0.21142578125 0.12922173274596183 0.06494140625
6 0.4170337738619677 0.2236328125 0.17914831130690162 0.03515625
20 0.42290748898678415 0.38916015625 0.08223201174743025 0.1337890625
7 0.4185022026431718 0.44921875 0.13803230543318648 0.05029296875
16 0.6732745961820852 0.45166015625 0.23494860499265785 0.05126953125
11 0.5756240822320118 0.45703125 0.07856093979441997 0.0615234375
19 0.8340675477239354 0.4638671875 0.11600587371512482 0.044921875