8 0.4588839941262849 0.59375 0.1894273127753304 0.08447265625
4 0.8010279001468429 0.60400390625 0.17694566813509544 0.06494140625
9 0.6284875183553598 0.60546875 0.15051395007342144 0.05029296875
15 0.7393538913362702 0.822265625 0.19530102790014683 0.1162109375
22 0.5873715124816447 0.849609375 0.12922173274596183 0.1142578125
13 0.8105726872246696 0.86279296875 0.09618208516886931 0.13427734375
21 0.39941262848751835 0.89599609375 0.14977973568281938 0.076171875
18 0.46916299559471364 0.193359375 0.05947136563876652 0.095703125
29 0.5998531571218796 0.2099609375 0.1527165932452276 0.06591796875
26 0.7782672540381792 0.21142578125 0.12922173274596183 0.06494140625
20 0.7790014684287812 0.39599609375 0.08223201174743025 0.1494140625
25 0.48604992657856094 0.400390625 0.2790014684287812 0.1337890625
12 0.4008810572687225 0.4521484375 0.1027900146842878 0.0517578125
16 0.6519823788546255 0.4619140625 0.18355359765051396 0.05126953125