13 0.5315712187958884 0.5849609375 0.09838472834067548 0.1162109375
26 0.4089574155653451 0.59814453125 0.12334801762114538 0.07373046875
9 0.7151248164464024 0.60400390625 0.2026431718061674 0.04736328125
20 0.5947136563876652 0.81103515625 0.08957415565345081 0.15380859375
16 0.45374449339207046 0.86962890625 0.15712187958883994 0.08447265625
2 0.7540381791483113 0.87841796875 0.15565345080763582 0.078125
8 0.4221732745961821 0.20751953125 0.17841409691629956 0.072265625
0 0.7826725403817915 0.21630859375 0.16299559471365638 0.0556640625
3 0.6475770925110133 0.228515625 0.1527165932452276 0.02783203125
20 0.38179148311306904 0.40966796875 0.09397944199706314 0.16552734375
11 0.7312775330396476 0.4384765625 0.06461086637298091 0.04541015625
12 0.5638766519823789 0.45556640625 0.10866372980910426 0.04931640625
6 0.7415565345080763 0.462890625 0.20851688693098386 0.04541015625