13 0.6292217327459618 0.5634765625 0.12481644640234948 0.10986328125
15 0.7841409691629956 0.59912109375 0.17474302496328928 0.08837890625
9 0.4720998531571219 0.6083984375 0.1527165932452276 0.04736328125
5 0.4221732745961821 0.86328125 0.15638766519823788 0.10498046875
8 0.5976505139500734 0.86865234375 0.17547723935389134 0.0947265625
28 0.801762114537445 0.8955078125 0.17180616740088106 0.09033203125
20 0.4089574155653451 0.16259765625 0.09765051395007342 0.1328125
26 0.8348017621145375 0.2138671875 0.13362701908957417 0.060546875
12 0.39941262848751835 0.21533203125 0.11086637298091043 0.04638671875
4 0.7070484581497798 0.21826171875 0.1343612334801762 0.048828125
24 0.5653450807635829 0.22802734375 0.14537444933920704 0.02880859375
0 0.8208516886930984 0.4482421875 0.12187958883994127 0.07861328125
7 0.447870778267254 0.451171875 0.12408223201174744 0.0595703125
16 0.6461086637298091 0.45947265625 0.16886930983847284 0.05029296875