7 0.5712187958883994 0.59423828125 0.12408223201174744 0.05908203125
21 0.7723935389133627 0.60009765625 0.14757709251101322 0.072265625
24 0.394273127753304 0.6015625 0.13729809104258445 0.06103515625
15 0.3751835535976505 0.86572265625 0.1130690161527166 0.1591796875
5 0.5330396475770925 0.8994140625 0.16005873715124816 0.11279296875
22 0.7790014684287812 0.90087890625 0.21292217327459617 0.1083984375
12 0.6718061674008811 0.22021484375 0.1145374449339207 0.05126953125
4 0.40969162995594716 0.22265625 0.17180616740088106 0.0537109375
10 0.8311306901615272 0.2392578125 0.17547723935389134 0.021484375
13 0.630690161527166 0.4287109375 0.10058737151248165 0.10693359375
1 0.751101321585903 0.451171875 0.14390602055800295 0.06494140625