2 0.566079295154185 0.6025390625 0.14757709251101322 0.0673828125
29 0.40969162995594716 0.607421875 0.14390602055800295 0.0654296875
9 0.7650513950073421 0.60888671875 0.171071953010279 0.0673828125
8 0.4434654919236417 0.87109375 0.20337738619676946 0.11376953125
20 0.3898678414096916 0.16943359375 0.08296622613803231 0.15966796875
23 0.47430249632892807 0.2109375 0.1945668135095448 0.0673828125
12 0.7254038179148311 0.22509765625 0.14977973568281938 0.044921875
13 0.7386196769456681 0.42236328125 0.13362701908957417 0.103515625
11 0.5477239353891337 0.4443359375 0.07488986784140969 0.060546875
3 0.41483113069016153 0.455078125 0.14096916299559473 0.04052734375
19 0.7048458149779736 0.462890625 0.18502202643171806 0.0439453125