28 0.4845814977973568 0.5654296875 0.11674008810572688 0.05126953125
28 0.6211453744493393 0.587890625 0.1593245227606461 0.064453125
12 0.7672540381791483 0.6005859375 0.1145374449339207 0.0556640625
16 0.43832599118942733 0.61376953125 0.17694566813509544 0.07568359375
9 0.5983847283406755 0.87451171875 0.1828193832599119 0.0859375
5 0.7863436123348018 0.88037109375 0.16299559471365638 0.10986328125
4 0.394273127753304 0.88720703125 0.1461086637298091 0.09228515625
13 0.4500734214390602 0.18603515625 0.11086637298091043 0.13818359375
0 0.815712187958884 0.212890625 0.09838472834067548 0.0693359375
7 0.6020558002936858 0.21533203125 0.08516886930983847 0.05029296875
11 0.368575624082232 0.2158203125 0.08149779735682819 0.060546875
20 0.591776798825257 0.40380859375 0.08516886930983847 0.15673828125
15 0.7834067547723935 0.453125 0.1945668135095448 0.07470703125
26 0.38619676945668135 0.4580078125 0.12701908957415564 0.06494140625