26 0.40748898678414097 0.5751953125 0.14757709251101322 0.06591796875
21 0.7701908957415565 0.59033203125 0.15491923641703378 0.07763671875
16 0.5748898678414097 0.60205078125 0.15638766519823788 0.056640625
5 0.38472834067547723 0.8603515625 0.15565345080763582 0.1044921875
15 0.737885462555066 0.8740234375 0.21218795888399414 0.11181640625
4 0.5653450807635829 0.88427734375 0.12701908957415564 0.080078125
25 0.7995594713656388 0.16259765625 0.17547723935389134 0.17626953125
12 0.6644640234948604 0.216796875 0.11086637298091043 0.04638671875
18 0.5293685756240822 0.41650390625 0.05873715124816446 0.10546875
22 0.7577092511013216 0.431640625 0.17547723935389134 0.09814453125
28 0.4977973568281938 0.4453125 0.13069016152716592 0.072265625
28 0.631424375917768 0.4462890625 0.1196769456681351 0.07275390625