3 0.5418502202643172 0.46728515625 0.11527165932452275 0.03515625
10 0.6747430249632893 0.47265625 0.12481644640234948 0.037109375
12 0.7613803230543319 0.5908203125 0.10866372980910426 0.052734375
7 0.6284875183553598 0.6015625 0.1461086637298091 0.0546875
2 0.4331864904552129 0.60595703125 0.1696035242290749 0.0615234375
8 0.44640234948604995 0.85498046875 0.21806167400881057 0.09423828125
26 0.7599118942731278 0.86572265625 0.12334801762114538 0.07373046875
23 0.724669603524229 0.21337890625 0.2055800293685756 0.06298828125
20 0.762114537444934 0.40087890625 0.13509544787077826 0.064453125
13 0.40381791483113066 0.4267578125 0.14684287812041116 0.11376953125
11 0.6035242290748899 0.44189453125 0.06461086637298091 0.0576171875
20 0.7701908957415565 0.4541015625 0.14096916299559473 0.06884765625