21 0.7334801762114538 0.5810546875 0.14390602055800295 0.07275390625
24 0.3891336270190896 0.60205078125 0.13729809104258445 0.0576171875
10 0.579295154185022 0.6240234375 0.2209985315712188 0.04150390625
20 0.671071953010279 0.81201171875 0.08149779735682819 0.158203125
20 0.5712187958883994 0.81298828125 0.08883994126284875 0.1572265625
22 0.7966226138032305 0.88330078125 0.1527165932452276 0.125
15 0.4118942731277533 0.888671875 0.19970631424375918 0.12451171875
13 0.6160058737151248 0.19677734375 0.1512481644640235 0.09521484375
12 0.7870778267254038 0.22216796875 0.14243759177679882 0.0498046875
4 0.4133627019089574 0.22265625 0.12187958883994127 0.04638671875
7 0.6475770925110133 0.447265625 0.10425844346549193 0.056640625
1 0.7848751835535976 0.4521484375 0.1776798825256975 0.0595703125
9 0.44052863436123346 0.4580078125 0.18722466960352424 0.0556640625