3 0.5058737151248165 0.47216796875 0.12848751835535976 0.0341796875
2 0.4023494860499266 0.5966796875 0.1696035242290749 0.0615234375
12 0.7591776798825257 0.60009765625 0.10866372980910426 0.052734375
7 0.5961820851688693 0.60595703125 0.08149779735682819 0.06396484375
26 0.7518355359765051 0.85400390625 0.12334801762114538 0.08984375
8 0.5646108663729809 0.8623046875 0.24963289280469897 0.0888671875
23 0.7070484581497798 0.2109375 0.14757709251101322 0.0625
20 0.762114537444934 0.40087890625 0.13509544787077826 0.064453125
13 0.37738619676945667 0.4296875 0.1196769456681351 0.11376953125
20 0.7518355359765051 0.451171875 0.14096916299559473 0.06884765625
11 0.6637298091042585 0.45947265625 0.07782672540381791 0.0615234375