8 0.5433186490455213 0.583984375 0.24963289280469897 0.0830078125
9 0.7856093979441997 0.60595703125 0.16519823788546256 0.04931640625
15 0.6468428781204112 0.8349609375 0.184287812041116 0.10693359375
13 0.5029368575624082 0.86376953125 0.12922173274596183 0.12646484375
4 0.39060205580029367 0.88427734375 0.14096916299559473 0.08642578125
21 0.7026431718061674 0.8935546875 0.14977973568281938 0.076171875
29 0.5998531571218796 0.2099609375 0.1527165932452276 0.06591796875
23 0.43612334801762115 0.212890625 0.13876651982378854 0.056640625
24 0.6725403817914831 0.224609375 0.18869309838472834 0.04248046875
20 0.7452276064610867 0.39697265625 0.1027900146842878 0.1494140625
25 0.48604992657856094 0.400390625 0.2790014684287812 0.1337890625
12 0.4008810572687225 0.4521484375 0.1027900146842878 0.0517578125
7 0.8113069016152716 0.455078125 0.13656387665198239 0.0556640625
16 0.6108663729809104 0.4599609375 0.18355359765051396 0.05126953125