21 0.7525697503671072 0.58984375 0.14390602055800295 0.072265625
7 0.591042584434655 0.5927734375 0.13509544787077826 0.06103515625
24 0.41483113069016153 0.609375 0.15345080763582966 0.0498046875
23 0.4133627019089574 0.84716796875 0.19309838472834068 0.10546875
5 0.776064610866373 0.8603515625 0.16299559471365638 0.10693359375
9 0.5807635829662261 0.89990234375 0.20851688693098386 0.05859375
12 0.7298091042584435 0.216796875 0.1395007342143906 0.0498046875
0 0.4911894273127753 0.21875 0.13803230543318648 0.05517578125
10 0.37298091042584436 0.23681640625 0.13215859030837004 0.021484375
13 0.6086637298091042 0.42431640625 0.1262848751835536 0.10693359375
15 0.3568281938325991 0.43701171875 0.1461086637298091 0.1103515625
4 0.7804698972099853 0.46142578125 0.18061674008810572 0.0615234375