19 0.49706314243759175 0.57861328125 0.05726872246696035 0.03125
15 0.4067547723935389 0.5791015625 0.18722466960352424 0.11279296875
22 0.7444933920704846 0.591796875 0.17180616740088106 0.10546875
19 0.604258443465492 0.59912109375 0.06240822320117474 0.037109375
19 0.540381791483113 0.61083984375 0.06461086637298091 0.037109375
2 0.7187958883994127 0.8828125 0.18135095447870778 0.09619140625
25 0.4647577092511013 0.90380859375 0.2342143906020558 0.13720703125
13 0.3524229074889868 0.1875 0.10866372980910426 0.10400390625
23 0.7555066079295154 0.20849609375 0.14977973568281938 0.0673828125
12 0.5198237885462555 0.2158203125 0.15565345080763582 0.04638671875
7 0.5550660792951542 0.4443359375 0.09177679882525698 0.0546875
3 0.3671071953010279 0.4619140625 0.1130690161527166 0.0439453125