27 0.5469897209985316 0.5654296875 0.10499265785609398 0.13232421875
8 0.7180616740088106 0.59130859375 0.21071953010279001 0.09375
9 0.4045521292217327 0.60400390625 0.16740088105726872 0.0615234375
26 0.6894273127753304 0.86181640625 0.12701908957415564 0.099609375
29 0.5587371512481645 0.87158203125 0.12481644640234948 0.08935546875
2 0.4052863436123348 0.8896484375 0.13582966226138032 0.07421875
25 0.40969162995594716 0.20654296875 0.2753303964757709 0.07080078125
0 0.6380323054331865 0.21044921875 0.18795888399412627 0.06689453125
19 0.7966226138032305 0.2236328125 0.11674008810572688 0.03955078125
16 0.39720998531571217 0.455078125 0.17474302496328928 0.064453125
23 0.5807635829662261 0.4599609375 0.14977973568281938 0.05224609375
6 0.737151248164464 0.4599609375 0.15491923641703378 0.05859375